0,483
0,482
36,10
36,9
36,8
36,7
36,6
36,5
36,4
0,481
0,480
0,479
0,478
0,477
0,476
0,475
0,474
0,473
0,472
0,471
0,243
0,470
0,469
0,468
0,467
0,466
0,465
0,464
46,4
46,3
46,2
0,463
46,1
46,0
0,462
0,461
0,460
0,459
0,458
0,457
0,456
0,455
45,3
45,2
45,1
45,0
0,454
0,453
0,452
44,5
44,4
44,3
44,2
0,451
44,1
44,0
0,450
0,449
0,448
0,447
43,4
43,3
43,2
43,1
43,0
42,3
42,2
42,1
42,0
41,3
41,2
41,1
41,0
40,3
40,2
40,1
40,0
39,3
39,2
39,1
39,0
38,3
38,2
38,1
38,0
37,3
37,2
37,1
37,0
36,3
36,2
36,1
36,0
0,446
0,445
0,444
0,443
35,49
35,48
35,47
35,46
35,45
35,44
35,43
35,42
35,41
35,40
35,39
35,38
35,37
35,36
35,35
3,1
3,3
10,312
